0 1 0 0 
0 0 0 0 
0 0 0 0 
0 0 0 0 
-50
0 1 0 0 
0 0 0 0 
0 2 0 0 
0 0 0 0 
-42
0 1 0 0 
0 0 0 0 
0 2 0 3 
0 0 0 0 
-40
0 1 0 0 
0 0 0 0 
0 2 0 3 
0 0 1 0 
-39
2 1 0 0 
0 0 0 0 
0 2 0 3 
0 0 1 0 
-37
2 1 0 0 
2 0 0 0 
0 2 0 3 
0 0 1 0 
-37
2 1 0 0 
2 0 0 4 
0 2 0 3 
0 0 1 0 
-32
2 1 0 0 
2 0 0 4 
0 2 0 3 
0 3 1 0 
-22
2 1 0 0 
2 0 0 4 
0 2 0 3 
4 3 1 0 
-17
2 1 3 0 
2 0 0 4 
0 2 0 3 
4 3 1 0 
-3
2 1 3 0 
2 0 0 4 
0 2 4 3 
4 3 1 0 
-3
2 1 3 0 
2 0 5 4 
0 2 4 3 
4 3 1 0 
13
2 1 3 0 
2 0 5 4 
0 2 4 3 
4 3 1 5 
24
2 1 3 6 
2 0 5 4 
0 2 4 3 
4 3 1 5 
44
2 1 3 6 
2 6 5 4 
0 2 4 3 
4 3 1 5 
46
2 1 3 6 
2 6 5 4 
5 2 4 3 
4 3 1 5 
47
